4.030506940280257910e-01
-2.570533596706702298e-02
4.035951035265456510e-01
2.688167997139065402e-01
2.740019930471025433e-01
4.495843322994427238e-01
1.427719238468432850e-01
8.665187823062607542e-02
-1.431026723586014023e-02
-8.390058425886055826e-02
2.115928817150776187e-01
-1.595307013437996177e-02
-2.286895005515512946e-02
-2.073988347200784316e-02
-1.546513601124431814e-01
-1.148632537860461572e-01
-1.468396754477988009e-01
-1.051790611586528174e-01
-7.129395101538409107e-02
-1.026211825652157683e-01
-1.315761603073522801e-01
-1.037559878249202927e-01
4.835136339731836708e-02
-4.022956786855594845e-03
2.880098157938231762e-01
2.666506381733091957e-01
-2.113932177288106173e-01
4.017875654532849783e-01
-4.125833056553587785e-02
2.288914803791112784e-01
-1.405991873837920680e-01
-2.171454025189910597e-01
-2.753396166881564786e-02
8.221432322825934502e-01
-9.042680532744935828e-02
-5.882052675493155691e-01
-1.261780794717031473e-01
-1.483250422403830926e-01
-1.383590067287202574e-01
-1.752732375609823007e-02
-2.939614754020950394e-03
4.029140865105884650e-01
-7.646430450654786992e-02
-1.773592009119930868e-01
-1.348989167280142121e-01
-2.638462842818514176e-01
-7.056503290095353376e-02
3.268904664034201213e-01
-1.021515978627766941e-02
6.162401659193528919e-02
2.225510708867904988e-02
-7.550035504085968185e-02
-1.552720095358491592e-01
7.446639400064216652e-01
-3.448619844415665159e-01
-1.629212874190461569e-01
-4.065183955025288287e-01
-2.770427719492212226e-01
2.145213885182257751e-01
-1.651437995285911717e-02
2.081164825810180238e-02
-1.851818634658298213e-01
-9.155432846962707760e-02
1.728269578879129686e-01
3.182760334176668038e-02
-1.733269566231528808e-02
3.453334071822600129e-03
-4.175331625068492286e-02
-2.924096573774192815e-03
-4.597061408556801093e-02
-3.036754582471800842e-02
-5.642341155964900740e-02
-5.105878863978517701e-02
6.786452563613358524e-02
1.732497617270188986e-02
1.048324753819475548e-02
-1.100285122895338676e-02
-5.119248546392391255e-03
-4.524886877828039958e-03
-2.023984650806245553e-02
2.909627017380543232e-02
-1.972716011803080441e-02
1.645897414451330532e-02
4.209736170846484909e-02
-2.753396166881564786e-02
1.123668665297547498e-02
-4.663671927815549179e-02
-1.265021091570724815e-02
-2.170548420120932062e-02
-1.215917548275127075e-01
-3.168978402926374977e-02
-2.170548420120932062e-02
-3.070342360925948366e-02
8.204314865893149594e-03
2.108205135932499086e-02
-3.706284576412521153e-02
-6.149386420437202849e-02
4.366201038900166531e-02
-2.103350971439095149e-02
3.674017138586838788e-02
-2.479118727458732435e-02
3.328235955506767679e-02
9.165769730966510931e-02
-4.199863653151331144e-02
1.629127185077022810e-01
8.722424451341673560e-03
