-1.398953558031671984e-01
-5.806625887881775201e-04
-1.558089324482080651e-01
-1.283133446795187149e-01
-9.858272246261523541e-02
-1.466250733119605909e-01
-5.320706152665998639e-02
-3.086483446976671582e-02
1.356935272161439478e-02
7.674421232467033838e-02
-9.589640575062222116e-02
-4.777029066505179312e-03
-3.171034066828656850e-02
-1.498950683059058512e-03
2.630992112763476387e-02
1.368866090396697426e-02
5.696548247832120687e-02
2.865980246281081556e-02
-9.437140836230954385e-03
1.521525181577421462e-02
6.620608590471346866e-02
2.648143426558385513e-02
2.424469897194107826e-02
-1.148521698448786398e-02
-1.118581572316747208e-01
-6.364707561044276318e-02
7.064187936883564722e-02
-9.388061539788927767e-02
1.684806208391999641e-02
-7.638260929684755063e-02
3.417310385655420585e-02
9.726497848973507387e-02
-2.753396166881517948e-02
-2.735440233231737350e-01
2.041323864807058699e-02
1.711341105131427842e-01
9.495330655220743377e-02
2.547514779217798994e-02
5.628313967269894108e-02
-1.752732375609853538e-02
3.952394174402462657e-03
-1.248648498187668598e-01
3.831688241153916041e-02
6.856830530889537756e-02
3.126572683132457925e-02
6.400604774305566902e-02
3.737110855094705197e-02
-8.379684882839932847e-02
-4.958266646129051020e-02
-2.083082867711736133e-02
-5.227721064088762352e-03
3.932664906595678689e-02
2.709977523458951404e-02
-2.495887401252433191e-01
1.004488246420605080e-01
7.545074445631461124e-02
1.397614447566421780e-01
1.027458496631600271e-01
-7.792516746137490014e-02
1.992095614453608804e-02
2.075335801489125095e-02
5.353687538804036139e-02
1.827844791201062649e-02
-6.525233879086969613e-02
-7.285740360120672617e-03
-8.784501145194884009e-03
-2.094546149804192136e-03
1.566658019876664837e-02
5.197706305446961328e-02
1.489615171648134805e-02
2.222161955828603000e-02
3.123300134198268136e-04
1.943460212653924657e-02
7.082432678040938984e-04
-1.584123870428735814e-02
-1.909002310224843652e-02
4.216653888818001905e-02
1.171851012472456197e-02
-4.524886877828039090e-03
-5.239593292269209557e-04
7.408019449661652593e-03
5.007061613317402441e-04
-1.257836974216123942e-02
3.412475440421076228e-02
-2.753396166881517948e-02
-3.354642815360802874e-03
-1.235037172325318885e-02
1.175451480313886854e-02
-2.170548420120809244e-02
5.538777626592693987e-02
-6.490262175233388678e-03
3.345168924473252564e-02
-3.070342360925898406e-02
-7.309706251460865384e-04
4.289329447107707860e-02
-1.550858857605663492e-02
-2.894139435400730227e-03
-2.073988347200889440e-02
-7.430212866031486382e-03
-1.462182936020029085e-02
5.570682953603522947e-02
1.042163847325987963e-02
-5.895460176387219697e-02
1.508703258488204926e-02
-2.170548420120809244e-02
3.345277782784777248e-02
