id,label
0,2
1,2
2,4
3,4
4,3
5,3
6,2
7,4
8,2
9,5
10,3
11,2
12,2
13,2
14,6
15,2
16,5
17,5
18,5
19,6
20,6
21,5
22,6
23,4
24,4
25,4
26,4
27,4
28,5
29,5
30,3
31,6
32,3
33,6
34,4
35,6
36,5
37,2
38,2
39,2
40,0
41,4
42,3
43,3
44,3
45,2
46,5
47,3
48,5
49,6
50,6
51,3
52,5
53,6
54,4
55,3
56,2
57,5
58,5
59,3
60,6
61,3
62,4
63,3
64,5
65,3
66,5
67,2
68,6
69,6
70,0
71,5
72,6
73,6
74,2
75,6
76,5
77,6
78,6
79,4
80,0
81,4
82,0
83,6
84,5
85,4
86,3
87,3
88,2
89,3
90,6
91,3
92,3
93,0
94,0
95,0
96,2
97,3
98,3
99,0
100,3
101,6
102,4
103,3
104,2
105,3
106,6
107,6
108,5
109,3
110,3
111,0
112,6
113,0
114,3
115,2
116,3
117,3
118,2
119,6
120,5
121,3
122,2
123,2
124,2
125,6
126,3
127,6
128,5
129,5
130,5
131,0
132,0
133,6
134,6
135,5
136,5
137,3
138,6
139,6
140,6
141,3
142,0
143,6
144,2
145,2
146,3
147,3
148,3
149,2
150,6
151,0
152,5
153,3
154,5
155,5
156,2
157,5
158,0
159,3
160,4
161,3
162,3
163,3
164,6
165,6
166,4
167,6
168,5
169,6
170,0
171,3
172,5
173,2
174,4
175,6
176,0
177,4
178,0
179,5
180,4
181,3
182,5
183,3
184,3
185,4
186,4
187,3
188,0
189,3
190,0
191,3
192,5
193,5
194,3
195,0
196,5
197,6
198,0
199,4
200,6
201,6
202,3
203,3
204,3
205,5
206,4
207,4
208,2
209,2
210,6
211,4
212,0
213,4
214,6
215,5
216,5
217,3
218,6
219,3
220,3
221,2
222,5
223,0
224,2
225,3
226,5
227,4
228,2
229,0
230,3
231,0
232,5
233,6
234,3
235,6
236,3
237,4
238,0
239,6
240,3
241,3
242,6
243,0
244,1
245,2
246,3
247,3
248,0
249,0
250,0
251,4
252,4
253,5
254,4
255,6
256,5
257,4
258,2
259,6
260,2
261,6
262,0
263,6
264,2
265,0
266,2
267,3
268,3
269,6
270,6
271,4
272,5
273,6
274,5
275,3
276,4
277,5
278,6
279,0
280,3
281,0
282,6
283,2
284,3
285,6
286,0
287,0
288,6
289,6
290,2
291,6
292,6
293,2
294,3
295,4
296,2
297,6
298,2
299,5
300,3
301,6
302,3
303,3
304,0
305,3
306,5
307,3
308,6
309,3
310,3
311,3
312,6
313,0
314,2
315,2
316,2
317,2
318,2
319,3
320,4
321,5
322,3
323,3
324,4
325,0
326,2
327,3
328,3
329,6
330,4
331,6
332,0
333,3
334,2
335,3
336,2
337,6
338,3
339,3
340,4
341,5
342,3
343,5
344,2
345,2
346,3
347,3
348,0
349,4
350,5
351,0
352,6
353,3
354,3
355,2
356,3
357,0
358,4
359,2
360,3
361,6
362,0
363,3
364,5
365,3
366,3
367,3
368,2
369,2
370,2
371,6
372,4
373,0
374,4
375,2
376,6
377,2
378,3
379,4
380,2
381,4
382,3
383,3
384,3
385,6
386,3
387,5
388,6
389,0
390,5
391,6
392,3
393,2
394,4
395,5
396,2
397,5
398,6
399,0
400,4
401,5
402,3
403,6
404,2
405,6
406,5
407,5
408,5
409,5
410,3
411,5
412,3
413,3
414,3
415,5
416,4
417,0
418,5
419,4
420,3
421,3
422,5
423,4
424,5
425,0
426,2
427,6
428,3
429,4
430,2
431,6
432,2
433,6
434,3
435,0
436,3
437,2
438,3
439,3
440,6
441,0
442,4
443,4
444,4
445,6
446,4
447,3
448,5
449,1
450,6
451,3
452,4
453,6
454,4
455,5
456,2
457,0
458,0
459,6
460,5
461,5
462,0
463,3
464,6
465,4
466,0
467,3
468,3
469,2
470,3
471,5
472,6
473,6
474,4
475,3
476,3
477,3
478,2
479,4
480,6
481,6
482,6
483,4
484,2
485,2
486,6
487,5
488,3
489,6
490,2
491,0
492,3
493,2
494,4
495,6
496,5
497,5
498,4
499,2
500,4
501,4
502,3
503,2
504,4
505,3
506,2
507,6
508,4
509,4
510,4
511,3
512,0
513,5
514,3
515,3
516,5
517,4
518,2
519,4
520,4
521,6
522,4
523,6
524,3
525,3
526,3
527,0
528,4
529,3
530,6
531,3
532,5
533,5
534,0
535,2
536,4
537,4
538,5
539,2
540,4
541,3
542,6
543,4
544,6
545,6
546,4
547,4
548,3
549,2
550,2
551,6
552,4
553,6
554,0
555,3
556,2
557,0
558,0
559,4
560,1
561,0
562,5
563,4
564,2
565,5
566,6
567,5
568,6
569,6
570,2
571,3
572,2
573,6
574,6
575,2
576,4
577,3
578,6
579,2
580,2
581,0
582,3
583,3
584,5
585,4
586,0
587,5
588,6
589,3
590,0
591,3
592,6
593,6
594,3
595,4
596,4
597,0
598,0
599,4
600,2
601,3
602,0
603,6
604,3
605,4
606,0
607,4
608,5
609,0
610,6
611,5
612,4
613,2
614,5
615,4
616,4
617,6
618,4
619,2
620,3
621,3
622,4
623,3
624,3
625,3
626,4
627,4
628,0
629,3
630,6
631,3
632,3
633,3
634,6
635,4
636,5
637,3
638,0
639,4
640,5
641,4
642,3
643,6
644,3
645,4
646,2
647,6
648,5
649,3
650,2
651,4
652,4
653,3
654,3
655,6
656,3
657,6
658,6
659,5
660,6
661,3
662,3
663,3
664,3
665,5
666,4
667,2
668,4
669,0
670,6
671,4
672,6
673,0
674,6
675,4
676,6
677,4
678,2
679,6
680,0
681,2
682,3
683,3
684,4
685,6
686,6
687,3
688,4
689,3
690,3
691,2
692,2
693,6
694,3
695,6
696,5
697,6
698,2
699,6
700,5
701,3
702,2
703,4
704,2
705,2
706,3
707,0
708,3
709,3
710,2
711,5
712,2
713,3
714,2
715,5
716,4
717,4
718,3
719,6
720,6
721,3
722,3
723,0
724,4
725,6
726,0
727,2
728,0
729,3
730,3
731,2
732,2
733,6
734,5
735,2
736,6
737,4
738,0
739,0
740,0
741,0
742,3
743,3
744,6
745,2
746,0
747,3
748,2
749,6
750,0
751,3
752,0
753,4
754,6
755,3
756,2
757,5
758,3
759,2
760,6
761,0
762,0
763,3
764,3
765,3
766,4
767,3
768,6
769,2
770,3
771,0
772,0
773,6
774,0
775,2
776,3
777,6
778,4
779,6
780,4
781,6
782,4
783,2
784,0
785,0
786,3
787,2
788,0
789,6
790,0
791,5
792,4
793,4
794,6
795,3
796,6
797,3
798,4
799,5
800,3
801,2
802,5
803,3
804,5
805,6
806,5
807,2
808,3
809,2
810,3
811,2
812,4
813,2
814,0
815,2
816,6
817,3
818,4
819,2
820,4
821,5
822,3
823,0
824,5
825,4
826,5
827,4
828,5
829,4
830,0
831,5
832,2
833,3
834,0
835,2
836,3
837,4
838,1
839,0
840,6
841,4
842,6
843,4
844,2
845,0
846,3
847,6
848,4
849,5
850,4
851,2
852,3
853,0
854,0
855,3
856,4
857,3
858,6
859,5
860,0
861,0
862,0
863,4
864,2
865,3
866,0
867,2
868,3
869,3
870,3
871,3
872,0
873,5
874,6
875,2
876,4
877,6
878,3
879,0
880,3
881,4
882,6
883,6
884,5
885,4
886,0
887,0
888,6
889,5
890,4
891,5
892,2
893,4
894,2
895,6
896,0
897,3
898,6
899,6
900,4
901,4
902,3
903,6
904,5
905,3
906,2
907,5
908,4
909,5
910,2
911,4
912,0
913,0
914,4
915,4
916,6
917,3
918,3
919,4
920,6
921,1
922,3
923,4
924,4
925,2
926,0
927,4
928,6
929,0
930,3
931,0
932,6
933,4
934,0
935,5
936,3
937,6
938,3
939,3
940,3
941,4
942,3
943,3
944,4
945,6
946,4
947,4
948,0
949,3
950,5
951,2
952,4
953,2
954,4
955,4
956,4
957,6
958,4
959,5
960,2
961,4
962,4
963,5
964,2
965,0
966,0
967,2
968,3
969,3
970,3
971,5
972,6
973,0
974,6
975,4
976,0
977,6
978,6
979,2
980,3
981,5
982,0
983,2
984,4
985,6
986,3
987,0
988,3
989,2
990,5
991,6
992,4
993,3
994,4
995,4
996,3
997,6
998,4
999,3
1000,4
1001,0
1002,2
1003,4
1004,2
1005,6
1006,0
1007,4
1008,3
1009,2
1010,2
1011,5
1012,5
1013,3
1014,4
1015,6
1016,0
1017,0
1018,3
1019,6
1020,6
1021,4
1022,0
1023,1
1024,2
1025,2
1026,3
1027,0
1028,4
1029,6
1030,4
1031,4
1032,3
1033,3
1034,0
1035,3
1036,6
1037,0
1038,5
1039,3
1040,3
1041,2
1042,3
1043,6
1044,3
1045,4
1046,3
1047,2
1048,4
1049,4
1050,3
1051,4
1052,2
1053,2
1054,5
1055,3
1056,4
1057,0
1058,3
1059,2
1060,3
1061,3
1062,5
1063,3
1064,3
1065,6
1066,3
1067,3
1068,2
1069,3
1070,5
1071,4
1072,0
1073,3
1074,6
1075,2
1076,2
1077,2
1078,6
1079,0
1080,3
1081,2
1082,5
1083,5
1084,4
1085,6
1086,3
1087,5
1088,5
1089,0
1090,0
1091,3
1092,3
1093,3
1094,0
1095,4
1096,3
1097,3
1098,0
1099,0
1100,6
1101,0
1102,6
1103,2
1104,0
1105,4
1106,0
1107,2
1108,0
1109,5
1110,4
1111,4
1112,5
1113,0
1114,6
1115,6
1116,3
1117,3
1118,2
1119,3
1120,5
1121,2
1122,0
1123,0
1124,5
1125,3
1126,2
1127,2
1128,3
1129,6
1130,6
1131,6
1132,2
1133,3
1134,3
1135,2
1136,5
1137,4
1138,3
1139,6
1140,5
1141,4
1142,3
1143,4
1144,6
1145,3
1146,6
1147,3
1148,6
1149,4
1150,6
1151,6
1152,6
1153,2
1154,5
1155,5
1156,3
1157,3
1158,3
1159,0
1160,2
1161,6
1162,0
1163,5
1164,0
1165,0
1166,3
1167,6
1168,0
1169,0
1170,2
1171,2
1172,3
1173,5
1174,3
1175,3
1176,3
1177,5
1178,2
1179,2
1180,3
1181,4
1182,3
1183,6
1184,6
1185,3
1186,3
1187,6
1188,4
1189,3
1190,4
1191,6
1192,2
1193,2
1194,3
1195,5
1196,3
1197,6
1198,3
1199,3
1200,2
1201,6
1202,2
1203,6
1204,4
1205,2
1206,3
1207,4
1208,0
1209,6
1210,3
1211,5
1212,6
1213,2
1214,3
1215,4
1216,2
1217,3
1218,5
1219,6
1220,4
1221,3
1222,0
1223,3
1224,3
1225,3
1226,4
1227,2
1228,4
1229,4
1230,6
1231,6
1232,6
1233,4
1234,6
1235,6
1236,0
1237,3
1238,0
1239,0
1240,4
1241,0
1242,0
1243,5
1244,6
1245,3
1246,5
1247,4
1248,5
1249,6
1250,3
1251,4
1252,6
1253,6
1254,3
1255,6
1256,2
1257,4
1258,3
1259,6
1260,6
1261,6
1262,0
1263,4
1264,4
1265,6
1266,3
1267,0
1268,0
1269,6
1270,3
1271,4
1272,4
1273,0
1274,4
1275,5
1276,6
1277,5
1278,3
1279,4
1280,5
1281,4
1282,3
1283,3
1284,3
1285,4
1286,3
1287,5
1288,5
1289,4
1290,2
1291,4
1292,4
1293,0
1294,3
1295,4
1296,5
1297,3
1298,3
1299,5
1300,0
1301,6
1302,3
1303,4
1304,2
1305,5
1306,3
1307,3
1308,6
1309,6
1310,3
1311,3
1312,3
1313,6
1314,2
1315,0
1316,4
1317,3
1318,4
1319,2
1320,2
1321,6
1322,3
1323,0
1324,3
1325,3
1326,4
1327,6
1328,5
1329,0
1330,6
1331,0
1332,6
1333,3
1334,4
1335,2
1336,4
1337,2
1338,0
1339,5
1340,3
1341,4
1342,6
1343,4
1344,3
1345,6
1346,3
1347,4
1348,3
1349,2
1350,6
1351,4
1352,3
1353,3
1354,6
1355,3
1356,6
1357,2
1358,5
1359,6
1360,6
1361,5
1362,5
1363,6
1364,5
1365,2
1366,6
1367,2
1368,2
1369,2
1370,0
1371,2
1372,5
1373,0
1374,3
1375,6
1376,2
1377,6
1378,5
1379,0
1380,3
1381,4
1382,3
1383,0
1384,2
1385,5
1386,3
1387,2
1388,3
1389,3
1390,3
1391,5
1392,3
1393,3
1394,6
1395,4
1396,3
1397,3
1398,3
1399,5
1400,0
1401,4
1402,3
1403,5
1404,0
1405,0
1406,3
1407,3
1408,6
1409,3
1410,3
1411,2
1412,6
1413,0
1414,4
1415,4
1416,3
1417,4
1418,3
1419,3
1420,2
1421,6
1422,3
1423,5
1424,6
1425,0
1426,3
1427,4
1428,4
1429,3
1430,6
1431,4
1432,3
1433,5
1434,4
1435,6
1436,2
1437,2
1438,3
1439,6
1440,0
1441,4
1442,2
1443,5
1444,3
1445,6
1446,3
1447,2
1448,6
1449,3
1450,6
1451,5
1452,5
1453,6
1454,4
1455,3
1456,6
1457,3
1458,3
1459,3
1460,6
1461,0
1462,0
1463,0
1464,2
1465,3
1466,3
1467,3
1468,5
1469,3
1470,4
1471,3
1472,4
1473,3
1474,3
1475,5
1476,2
1477,0
1478,3
1479,3
1480,4
1481,5
1482,2
1483,5
1484,3
1485,3
1486,6
1487,2
1488,4
1489,3
1490,3
1491,3
1492,3
1493,0
1494,6
1495,3
1496,0
1497,6
1498,0
1499,2
1500,3
1501,6
1502,6
1503,6
1504,2
1505,4
1506,6
1507,3
1508,3
1509,6
1510,0
1511,6
1512,3
1513,2
1514,3
1515,4
1516,5
1517,5
1518,5
1519,3
1520,3
1521,0
1522,5
1523,5
1524,4
1525,6
1526,5
1527,3
1528,4
1529,6
1530,2
1531,6
1532,3
1533,3
1534,5
1535,2
1536,3
1537,6
1538,3
1539,3
1540,3
1541,2
1542,2
1543,6
1544,0
1545,3
1546,6
1547,6
1548,4
1549,6
1550,0
1551,3
1552,6
1553,0
1554,2
1555,3
1556,4
1557,0
1558,3
1559,4
1560,4
1561,0
1562,6
1563,5
1564,4
1565,2
1566,6
1567,4
1568,6
1569,4
1570,4
1571,3
1572,6
1573,0
1574,6
1575,0
1576,0
1577,3
1578,6
1579,3
1580,4
1581,6
1582,6
1583,2
1584,2
1585,6
1586,4
1587,4
1588,6
1589,4
1590,4
1591,5
1592,6
1593,0
1594,2
1595,2
1596,3
1597,6
1598,3
1599,4
1600,3
1601,4
1602,6
1603,5
1604,3
1605,6
1606,6
1607,0
1608,2
1609,2
1610,5
1611,6
1612,2
1613,3
1614,6
1615,3
1616,2
1617,4
1618,0
1619,3
1620,3
1621,3
1622,4
1623,3
1624,2
1625,3
1626,2
1627,4
1628,3
1629,3
1630,0
1631,2
1632,3
1633,3
1634,3
1635,2
1636,6
1637,6
1638,4
1639,4
1640,5
1641,0
1642,3
1643,2
1644,3
1645,6
1646,5
1647,6
1648,5
1649,2
1650,3
1651,5
1652,3
1653,4
1654,3
1655,5
1656,0
1657,6
1658,4
1659,0
1660,2
1661,3
1662,4
1663,2
1664,4
1665,6
1666,3
1667,2
1668,4
1669,4
1670,6
1671,4
1672,6
1673,4
1674,0
1675,4
1676,6
1677,2
1678,5
1679,5
1680,4
1681,5
1682,6
1683,3
1684,5
1685,0
1686,6
1687,4
1688,4
1689,6
1690,0
1691,3
1692,3
1693,2
1694,3
1695,6
1696,1
1697,3
1698,3
1699,3
1700,4
1701,6
1702,0
1703,2
1704,6
1705,3
1706,6
1707,3
1708,3
1709,0
1710,4
1711,0
1712,6
1713,0
1714,4
1715,3
1716,3
1717,6
1718,5
1719,1
1720,4
1721,0
1722,5
1723,4
1724,6
1725,6
1726,6
1727,3
1728,6
1729,6
1730,4
1731,0
1732,2
1733,0
1734,2
1735,4
1736,4
1737,0
1738,0
1739,5
1740,3
1741,6
1742,5
1743,3
1744,3
1745,0
1746,0
1747,4
1748,6
1749,2
1750,4
1751,0
1752,5
1753,6
1754,3
1755,6
1756,2
1757,3
1758,4
1759,2
1760,2
1761,4
1762,3
1763,6
1764,2
1765,0
1766,3
1767,5
1768,3
1769,4
1770,2
1771,2
1772,3
1773,2
1774,2
1775,6
1776,6
1777,0
1778,6
1779,3
1780,5
1781,6
1782,3
1783,2
1784,5
1785,3
1786,5
1787,3
1788,0
1789,3
1790,0
1791,3
1792,4
1793,5
1794,6
1795,4
1796,6
1797,0
1798,2
1799,0
1800,0
1801,2
1802,3
1803,3
1804,5
1805,0
1806,4
1807,3
1808,3
1809,5
1810,4
1811,0
1812,3
1813,6
1814,4
1815,2
1816,6
1817,4
1818,6
1819,2
1820,6
1821,6
1822,3
1823,4
1824,3
1825,6
1826,2
1827,6
1828,5
1829,6
1830,6
1831,4
1832,6
1833,2
1834,6
1835,2
1836,2
1837,4
1838,6
1839,0
1840,6
1841,1
1842,5
1843,3
1844,6
1845,4
1846,6
1847,4
1848,6
1849,6
1850,3
1851,3
1852,6
1853,4
1854,6
1855,2
1856,5
1857,3
1858,5
1859,5
1860,2
1861,3
1862,4
1863,6
1864,2
1865,3
1866,4
1867,6
1868,6
1869,2
1870,2
1871,2
1872,5
1873,3
1874,6
1875,2
1876,3
1877,5
1878,3
1879,0
1880,0
1881,5
1882,3
1883,6
1884,4
1885,5
1886,4
1887,5
1888,2
1889,5
1890,5
1891,6
1892,0
1893,6
1894,6
1895,5
1896,0
1897,4
1898,3
1899,3
1900,6
1901,6
1902,4
1903,3
1904,0
1905,6
1906,6
1907,6
1908,3
1909,2
1910,3
1911,5
1912,4
1913,0
1914,5
1915,6
1916,5
1917,3
1918,0
1919,5
1920,2
1921,5
1922,4
1923,3
1924,3
1925,4
1926,3
1927,3
1928,3
1929,4
1930,2
1931,5
1932,2
1933,4
1934,6
1935,5
1936,4
1937,3
1938,6
1939,0
1940,0
1941,3
1942,3
1943,3
1944,2
1945,6
1946,6
1947,4
1948,0
1949,0
1950,3
1951,6
1952,6
1953,4
1954,3
1955,3
1956,5
1957,4
1958,3
1959,3
1960,5
1961,4
1962,0
1963,3
1964,2
1965,6
1966,3
1967,3
1968,6
1969,3
1970,3
1971,4
1972,5
1973,4
1974,3
1975,4
1976,4
1977,6
1978,4
1979,3
1980,3
1981,6
1982,2
1983,3
1984,6
1985,4
1986,4
1987,0
1988,3
1989,4
1990,6
1991,3
1992,2
1993,4
1994,6
1995,3
1996,2
1997,0
1998,6
1999,3
2000,3
2001,3
2002,6
2003,6
2004,6
2005,5
2006,4
2007,5
2008,0
2009,6
2010,1
2011,3
2012,5
2013,5
2014,2
2015,3
2016,5
2017,5
2018,2
2019,3
2020,2
2021,3
2022,2
2023,2
2024,4
2025,3
2026,5
2027,3
2028,3
2029,5
2030,5
2031,5
2032,4
2033,4
2034,2
2035,4
2036,0
2037,2
2038,2
2039,2
2040,3
2041,4
2042,5
2043,4
2044,0
2045,4
2046,3
2047,2
2048,2
2049,5
2050,3
2051,3
2052,1
2053,4
2054,4
2055,4
2056,5
2057,5
2058,4
2059,3
2060,5
2061,2
2062,3
2063,3
2064,1
2065,0
2066,6
2067,6
2068,5
2069,5
2070,3
2071,6
2072,2
2073,6
2074,0
2075,6
2076,2
2077,6
2078,5
2079,4
2080,4
2081,5
2082,4
2083,5
2084,2
2085,5
2086,3
2087,3
2088,6
2089,6
2090,6
2091,0
2092,2
2093,3
2094,4
2095,3
2096,3
2097,2
2098,3
2099,0
2100,4
2101,0
2102,5
2103,3
2104,5
2105,3
2106,3
2107,4
2108,4
2109,6
2110,2
2111,3
2112,2
2113,3
2114,3
2115,3
2116,3
2117,3
2118,3
2119,1
2120,6
2121,0
2122,5
2123,3
2124,6
2125,2
2126,5
2127,4
2128,3
2129,6
2130,0
2131,3
2132,6
2133,3
2134,4
2135,6
2136,5
2137,4
2138,4
2139,4
2140,3
2141,6
2142,3
2143,2
2144,0
2145,3
2146,3
2147,6
2148,2
2149,1
2150,3
2151,0
2152,3
2153,2
2154,4
2155,3
2156,0
2157,5
2158,4
2159,3
2160,6
2161,3
2162,3
2163,0
2164,5
2165,6
2166,3
2167,5
2168,4
2169,4
2170,2
2171,4
2172,3
2173,6
2174,6
2175,6
2176,3
2177,3
2178,0
2179,4
2180,3
2181,2
2182,3
2183,6
2184,5
2185,3
2186,4
2187,0
2188,3
2189,2
2190,5
2191,4
2192,3
2193,3
2194,3
2195,3
2196,4
2197,3
2198,6
2199,3
2200,6
2201,6
2202,0
2203,3
2204,4
2205,3
2206,3
2207,2
2208,3
2209,3
2210,4
2211,3
2212,3
2213,2
2214,6
2215,2
2216,2
2217,4
2218,3
2219,4
2220,5
2221,2
2222,0
2223,6
2224,3
2225,6
2226,5
2227,4
2228,2
2229,3
2230,0
2231,6
2232,4
2233,6
2234,5
2235,3
2236,6
2237,0
2238,5
2239,3
2240,5
2241,4
2242,3
2243,3
2244,0
2245,6
2246,3
2247,2
2248,6
2249,4
2250,6
2251,3
2252,3
2253,4
2254,0
2255,2
2256,6
2257,0
2258,5
2259,6
2260,2
2261,3
2262,5
2263,0
2264,6
2265,4
2266,3
2267,6
2268,5
2269,5
2270,3
2271,0
2272,4
2273,6
2274,6
2275,4
2276,6
2277,3
2278,4
2279,0
2280,5
2281,4
2282,3
2283,0
2284,5
2285,2
2286,3
2287,4
2288,6
2289,6
2290,3
2291,3
2292,3
2293,6
2294,3
2295,0
2296,5
2297,3
2298,6
2299,5
2300,6
2301,6
2302,3
2303,3
2304,0
2305,2
2306,3
2307,3
2308,3
2309,3
2310,4
2311,3
2312,6
2313,3
2314,6
2315,3
2316,2
2317,0
2318,3
2319,0
2320,3
2321,5
2322,0
2323,2
2324,0
2325,3
2326,3
2327,4
2328,5
2329,6
2330,3
2331,3
2332,6
2333,6
2334,6
2335,6
2336,3
2337,4
2338,5
2339,4
2340,0
2341,0
2342,3
2343,3
2344,3
2345,5
2346,4
2347,3
2348,3
2349,2
2350,6
2351,0
2352,3
2353,2
2354,3
2355,2
2356,0
2357,3
2358,3
2359,6
2360,3
2361,6
2362,5
2363,6
2364,6
2365,6
2366,6
2367,3
2368,4
2369,6
2370,0
2371,3
2372,6
2373,5
2374,2
2375,3
2376,3
2377,4
2378,3
2379,6
2380,6
2381,5
2382,6
2383,6
2384,2
2385,3
2386,0
2387,6
2388,5
2389,6
2390,6
2391,2
2392,3
2393,5
2394,0
2395,6
2396,0
2397,2
2398,6
2399,4
2400,2
2401,3
2402,0
2403,4
2404,4
2405,6
2406,2
2407,2
2408,3
2409,3
2410,3
2411,4
2412,3
2413,2
2414,4
2415,3
2416,0
2417,5
2418,0
2419,3
2420,0
2421,2
2422,3
2423,6
2424,2
2425,5
2426,2
2427,3
2428,3
2429,4
2430,4
2431,3
2432,3
2433,4
2434,3
2435,2
2436,6
2437,3
2438,5
2439,3
2440,0
2441,3
2442,0
2443,3
2444,6
2445,6
2446,2
2447,2
2448,2
2449,4
2450,5
2451,3
2452,6
2453,5
2454,5
2455,0
2456,2
2457,0
2458,3
2459,3
2460,3
2461,4
2462,3
2463,6
2464,4
2465,3
2466,4
2467,3
2468,3
2469,3
2470,6
2471,0
2472,5
2473,4
2474,4
2475,5
2476,5
2477,4
2478,2
2479,2
2480,6
2481,2
2482,4
2483,5
2484,3
2485,6
2486,4
2487,4
2488,2
2489,5
2490,5
2491,2
2492,2
2493,3
2494,6
2495,2
2496,2
2497,5
2498,0
2499,3
2500,3
2501,0
2502,6
2503,5
2504,0
2505,3
2506,4
2507,3
2508,4
2509,3
2510,6
2511,2
2512,0
2513,4
2514,5
2515,4
2516,4
2517,4
2518,6
2519,2
2520,4
2521,4
2522,5
2523,0
2524,4
2525,6
2526,0
2527,3
2528,4
2529,2
2530,3
2531,2
2532,3
2533,3
2534,3
2535,2
2536,3
2537,6
2538,0
2539,0
2540,5
2541,3
2542,3
2543,4
2544,0
2545,0
2546,3
2547,3
2548,6
2549,3
2550,2
2551,6
2552,3
2553,6
2554,6
2555,3
2556,4
2557,0
2558,3
2559,3
2560,0
2561,2
2562,6
2563,6
2564,5
2565,3
2566,6
2567,3
2568,2
2569,5
2570,2
2571,0
2572,6
2573,6
2574,0
2575,4
2576,3
2577,3
2578,4
2579,3
2580,0
2581,4
2582,3
2583,3
2584,0
2585,5
2586,3
2587,0
2588,3
2589,3
2590,5
2591,4
2592,2
2593,4
2594,3
2595,5
2596,3
2597,2
2598,0
2599,2
2600,3
2601,6
2602,6
2603,6
2604,6
2605,0
2606,6
2607,3
2608,6
2609,6
2610,4
2611,3
2612,2
2613,3
2614,6
2615,5
2616,2
2617,2
2618,4
2619,4
2620,4
2621,4
2622,2
2623,4
2624,4
2625,3
2626,6
2627,0
2628,2
2629,3
2630,3
2631,5
2632,6
2633,0
2634,4
2635,0
2636,5
2637,3
2638,6
2639,5
2640,4
2641,0
2642,0
2643,4
2644,5
2645,1
2646,4
2647,3
2648,5
2649,4
2650,5
2651,6
2652,3
2653,3
2654,3
2655,2
2656,6
2657,3
2658,2
2659,1
2660,6
2661,3
2662,6
2663,6
2664,6
2665,3
2666,3
2667,3
2668,0
2669,4
2670,4
2671,2
2672,3
2673,2
2674,4
2675,3
2676,6
2677,5
2678,2
2679,6
2680,3
2681,2
2682,5
2683,6
2684,6
2685,4
2686,4
2687,2
2688,3
2689,5
2690,3
2691,3
2692,4
2693,3
2694,2
2695,2
2696,5
2697,3
2698,4
2699,0
2700,0
2701,3
2702,4
2703,2
2704,3
2705,6
2706,2
2707,4
2708,2
2709,2
2710,3
2711,3
2712,4
2713,3
2714,5
2715,4
2716,6
2717,5
2718,0
2719,4
2720,0
2721,4
2722,2
2723,6
2724,5
2725,3
2726,6
2727,6
2728,6
2729,3
2730,3
2731,3
2732,4
2733,0
2734,4
2735,2
2736,3
2737,4
2738,4
2739,5
2740,4
2741,4
2742,5
2743,3
2744,3
2745,4
2746,3
2747,3
2748,3
2749,3
2750,4
2751,2
2752,0
2753,3
2754,5
2755,5
2756,4
2757,6
2758,4
2759,4
2760,3
2761,4
2762,0
2763,3
2764,5
2765,3
2766,2
2767,6
2768,0
2769,3
2770,5
2771,4
2772,2
2773,3
2774,0
2775,5
2776,0
2777,2
2778,4
2779,2
2780,2
2781,4
2782,3
2783,2
2784,2
2785,0
2786,6
2787,5
2788,2
2789,2
2790,4
2791,3
2792,5
2793,6
2794,3
2795,2
2796,0
2797,5
2798,5
2799,0
2800,3
2801,6
2802,0
2803,5
2804,5
2805,3
2806,4
2807,6
2808,2
2809,3
2810,4
2811,5
2812,4
2813,6
2814,5
2815,3
2816,6
2817,2
2818,0
2819,2
2820,6
2821,0
2822,4
2823,3
2824,5
2825,4
2826,6
2827,6
2828,2
2829,0
2830,4
2831,3
2832,6
2833,3
2834,4
2835,4
2836,5
2837,4
2838,4
2839,2
2840,4
2841,5
2842,3
2843,6
2844,5
2845,3
2846,0
2847,5
2848,2
2849,3
2850,6
2851,0
2852,6
2853,2
2854,5
2855,6
2856,6
2857,2
2858,2
2859,4
2860,5
2861,5
2862,3
2863,3
2864,3
2865,3
2866,2
2867,6
2868,3
2869,3
2870,0
2871,5
2872,0
2873,5
2874,2
2875,2
2876,4
2877,0
2878,5
2879,0
2880,4
2881,0
2882,6
2883,0
2884,6
2885,5
2886,0
2887,5
2888,3
2889,3
2890,2
2891,4
2892,4
2893,3
2894,0
2895,1
2896,4
2897,3
2898,5
2899,2
2900,4
2901,4
2902,0
2903,5
2904,0
2905,0
2906,4
2907,0
2908,2
2909,2
2910,3
2911,0
2912,6
2913,4
2914,6
2915,6
2916,2
2917,6
2918,3
2919,3
2920,3
2921,4
2922,5
2923,5
2924,5
2925,3
2926,6
2927,2
2928,3
2929,2
2930,5
2931,2
2932,3
2933,4
2934,3
2935,3
2936,3
2937,4
2938,6
2939,4
2940,3
2941,6
2942,4
2943,0
2944,4
2945,6
2946,2
2947,2
2948,6
2949,3
2950,2
2951,4
2952,5
2953,5
2954,0
2955,5
2956,6
2957,2
2958,5
2959,3
2960,2
2961,3
2962,5
2963,2
2964,3
2965,3
2966,4
2967,3
2968,0
2969,5
2970,3
2971,2
2972,2
2973,2
2974,6
2975,2
2976,6
2977,5
2978,3
2979,2
2980,3
2981,3
2982,3
2983,0
2984,4
2985,0
2986,6
2987,4
2988,3
2989,5
2990,5
2991,4
2992,2
2993,4
2994,6
2995,6
2996,3
2997,4
2998,3
2999,6
3000,3
3001,0
3002,4
3003,5
3004,6
3005,6
3006,2
3007,3
3008,2
3009,4
3010,2
3011,4
3012,2
3013,2
3014,4
3015,3
3016,3
3017,0
3018,6
3019,0
3020,4
3021,3
3022,5
3023,2
3024,0
3025,6
3026,5
3027,2
3028,6
3029,4
3030,3
3031,4
3032,2
3033,3
3034,2
3035,6
3036,6
3037,3
3038,5
3039,3
3040,0
3041,6
3042,5
3043,3
3044,4
3045,3
3046,3
3047,3
3048,3
3049,5
3050,2
3051,3
3052,3
3053,0
3054,5
3055,4
3056,3
3057,6
3058,2
3059,0
3060,4
3061,3
3062,0
3063,3
3064,2
3065,3
3066,5
3067,6
3068,2
3069,3
3070,4
3071,0
3072,5
3073,2
3074,4
3075,5
3076,6
3077,3
3078,5
3079,4
3080,2
3081,5
3082,4
3083,3
3084,5
3085,0
3086,2
3087,2
3088,0
3089,4
3090,5
3091,4
3092,3
3093,3
3094,6
3095,2
3096,2
3097,4
3098,4
3099,0
3100,2
3101,3
3102,3
3103,3
3104,0
3105,5
3106,4
3107,4
3108,0
3109,5
3110,0
3111,3
3112,2
3113,3
3114,4
3115,2
3116,3
3117,5
3118,6
3119,1
3120,4
3121,3
3122,4
3123,4
3124,3
3125,4
3126,4
3127,4
3128,4
3129,4
3130,4
3131,0
3132,4
3133,2
3134,4
3135,5
3136,4
3137,3
3138,6
3139,5
3140,0
3141,3
3142,6
3143,4
3144,3
3145,3
3146,2
3147,3
3148,3
3149,3
3150,6
3151,2
3152,3
3153,6
3154,2
3155,6
3156,3
3157,3
3158,2
3159,4
3160,4
3161,3
3162,2
3163,6
3164,0
3165,4
3166,3
3167,6
3168,2
3169,6
3170,0
3171,6
3172,4
3173,5
3174,3
3175,6
3176,5
3177,0
3178,4
3179,3
3180,0
3181,3
3182,6
3183,0
3184,0
3185,4
3186,5
3187,3
3188,6
3189,2
3190,5
3191,4
3192,6
3193,5
3194,2
3195,4
3196,5
3197,6
3198,0
3199,3
3200,4
3201,3
3202,6
3203,4
3204,3
3205,0
3206,4
3207,2
3208,4
3209,6
3210,6
3211,2
3212,0
3213,0
3214,2
3215,0
3216,0
3217,4
3218,6
3219,0
3220,5
3221,6
3222,0
3223,4
3224,3
3225,3
3226,2
3227,6
3228,4
3229,4
3230,0
3231,4
3232,2
3233,6
3234,4
3235,6
3236,3
3237,3
3238,3
3239,4
3240,4
3241,6
3242,3
3243,3
3244,5
3245,0
3246,2
3247,3
3248,4
3249,0
3250,6
3251,3
3252,5
3253,3
3254,6
3255,0
3256,2
3257,3
3258,6
3259,5
3260,5
3261,3
3262,6
3263,3
3264,6
3265,6
3266,4
3267,6
3268,3
3269,5
3270,0
3271,6
3272,6
3273,0
3274,0
3275,6
3276,3
3277,6
3278,0
3279,6
3280,0
3281,3
3282,2
3283,4
3284,3
3285,6
3286,2
3287,6
3288,6
3289,5
3290,6
3291,6
3292,4
3293,6
3294,3
3295,5
3296,4
3297,2
3298,0
3299,6
3300,6
3301,0
3302,3
3303,3
3304,3
3305,4
3306,3
3307,6
3308,4
3309,4
3310,6
3311,0
3312,3
3313,3
3314,4
3315,3
3316,2
3317,4
3318,3
3319,4
3320,5
3321,2
3322,5
3323,5
3324,2
3325,6
3326,5
3327,6
3328,6
3329,4
3330,3
3331,5
3332,6
3333,3
3334,0
3335,2
3336,6
3337,3
3338,3
3339,3
3340,6
3341,6
3342,6
3343,5
3344,6
3345,6
3346,3
3347,4
3348,4
3349,6
3350,3
3351,3
3352,5
3353,3
3354,4
3355,6
3356,4
3357,0
3358,4
3359,3
3360,5
3361,6
3362,6
3363,5
3364,6
3365,0
3366,3
3367,2
3368,4
3369,3
3370,5
3371,4
3372,6
3373,6
3374,4
3375,3
3376,4
3377,4
3378,6
3379,2
3380,2
3381,6
3382,4
3383,3
3384,4
3385,0
3386,3
3387,2
3388,2
3389,5
3390,4
3391,6
3392,3
3393,0
3394,6
3395,3
3396,3
3397,6
3398,4
3399,3
3400,4
3401,4
3402,4
3403,6
3404,6
3405,3
3406,3
3407,5
3408,4
3409,6
3410,5
3411,0
3412,2
3413,3
3414,6
3415,2
3416,5
3417,3
3418,3
3419,3
3420,2
3421,5
3422,6
3423,5
3424,2
3425,6
3426,6
3427,4
3428,3
3429,0
3430,2
3431,3
3432,0
3433,3
3434,4
3435,3
3436,3
3437,5
3438,2
3439,5
3440,6
3441,0
3442,5
3443,5
3444,0
3445,3
3446,6
3447,3
3448,0
3449,4
3450,5
3451,3
3452,0
3453,3
3454,6
3455,4
3456,2
3457,3
3458,3
3459,2
3460,3
3461,5
3462,4
3463,4
3464,5
3465,0
3466,6
3467,5
3468,2
3469,0
3470,5
3471,4
3472,2
3473,3
3474,3
3475,4
3476,3
3477,3
3478,6
3479,4
3480,4
3481,4
3482,4
3483,3
3484,2
3485,2
3486,4
3487,3
3488,6
3489,4
3490,1
3491,0
3492,2
3493,6
3494,0
3495,0
3496,0
3497,3
3498,2
3499,2
3500,6
3501,6
3502,2
3503,5
3504,6
3505,5
3506,4
3507,2
3508,2
3509,2
3510,6
3511,6
3512,4
3513,3
3514,4
3515,0
3516,0
3517,2
3518,3
3519,6
3520,2
3521,4
3522,0
3523,0
3524,4
3525,2
3526,5
3527,3
3528,3
3529,2
3530,4
3531,4
3532,4
3533,6
3534,5
3535,3
3536,4
3537,3
3538,2
3539,3
3540,3
3541,5
3542,3
3543,4
3544,0
3545,5
3546,4
3547,2
3548,5
3549,3
3550,3
3551,1
3552,0
3553,6
3554,3
3555,0
3556,6
3557,5
3558,6
3559,4
3560,4
3561,4
3562,2
3563,6
3564,6
3565,3
3566,6
3567,6
3568,6
3569,4
3570,5
3571,6
3572,0
3573,4
3574,5
3575,5
3576,6
3577,4
3578,6
3579,0
3580,6
3581,6
3582,6
3583,3
3584,0
3585,3
3586,4
3587,0
3588,6
3589,2
3590,4
3591,0
3592,4
3593,2
3594,2
3595,4
3596,3
3597,2
3598,3
3599,3
3600,3
3601,6
3602,6
3603,6
3604,4
3605,2
3606,5
3607,2
3608,5
3609,3
3610,4
3611,6
3612,6
3613,3
3614,4
3615,5
3616,6
3617,6
3618,3
3619,4
3620,4
3621,3
3622,4
3623,1
3624,3
3625,4
3626,4
3627,0
3628,0
3629,3
3630,6
3631,2
3632,4
3633,6
3634,4
3635,3
3636,6
3637,6
3638,3
3639,3
3640,5
3641,6
3642,0
3643,6
3644,6
3645,3
3646,0
3647,4
3648,4
3649,3
3650,5
3651,6
3652,6
3653,4
3654,0
3655,3
3656,5
3657,6
3658,4
3659,4
3660,4
3661,3
3662,6
3663,3
3664,6
3665,6
3666,2
3667,5
3668,3
3669,5
3670,3
3671,5
3672,2
3673,3
3674,4
3675,2
3676,0
3677,3
3678,3
3679,6
3680,4
3681,4
3682,6
3683,6
3684,4
3685,4
3686,5
3687,2
3688,2
3689,5
3690,3
3691,6
3692,0
3693,3
3694,6
3695,5
3696,5
3697,5
3698,3
3699,0
3700,3
3701,2
3702,5
3703,3
3704,3
3705,3
3706,0
3707,3
3708,0
3709,4
3710,2
3711,5
3712,4
3713,4
3714,0
3715,0
3716,3
3717,3
3718,3
3719,6
3720,3
3721,2
3722,3
3723,5
3724,0
3725,6
3726,6
3727,3
3728,6
3729,3
3730,3
3731,3
3732,3
3733,6
3734,6
3735,5
3736,4
3737,6
3738,4
3739,6
3740,6
3741,6
3742,6
3743,0
3744,3
3745,0
3746,4
3747,6
3748,3
3749,4
3750,5
3751,3
3752,5
3753,6
3754,6
3755,4
3756,6
3757,3
3758,6
3759,3
3760,5
3761,0
3762,3
3763,6
3764,0
3765,3
3766,2
3767,0
3768,5
3769,4
3770,6
3771,6
3772,0
3773,6
3774,3
3775,5
3776,2
3777,4
3778,2
3779,3
3780,2
3781,6
3782,3
3783,2
3784,5
3785,5
3786,6
3787,3
3788,3
3789,2
3790,2
3791,4
3792,0
3793,2
3794,6
3795,3
3796,5
3797,6
3798,2
3799,4
3800,6
3801,5
3802,0
3803,6
3804,5
3805,3
3806,2
3807,6
3808,2
3809,3
3810,4
3811,4
3812,5
3813,4
3814,2
3815,2
3816,1
3817,5
3818,3
3819,3
3820,4
3821,5
3822,3
3823,4
3824,3
3825,0
3826,4
3827,3
3828,4
3829,3
3830,0
3831,0
3832,6
3833,6
3834,3
3835,3
3836,3
3837,4
3838,6
3839,4
3840,0
3841,4
3842,2
3843,0
3844,6
3845,3
3846,3
3847,3
3848,3
3849,3
3850,0
3851,3
3852,6
3853,4
3854,4
3855,6
3856,4
3857,6
3858,4
3859,3
3860,2
3861,0
3862,0
3863,4
3864,3
3865,4
3866,4
3867,6
3868,6
3869,0
3870,2
3871,3
3872,3
3873,6
3874,4
3875,6
3876,3
3877,3
3878,4
3879,2
3880,2
3881,3
3882,6
3883,4
3884,4
3885,3
3886,3
3887,0
3888,6
3889,5
3890,2
3891,0
3892,0
3893,6
3894,4
3895,4
3896,6
3897,2
3898,3
3899,2
3900,6
3901,0
3902,5
3903,0
3904,4
3905,3
3906,2
3907,2
3908,5
3909,6
3910,6
3911,3
3912,2
3913,6
3914,4
3915,5
3916,6
3917,5
3918,3
3919,0
3920,3
3921,5
3922,4
3923,6
3924,5
3925,6
3926,5
3927,6
3928,4
3929,3
3930,5
3931,3
3932,6
3933,4
3934,0
3935,3
3936,3
3937,0
3938,0
3939,3
3940,5
3941,0
3942,6
3943,5
3944,4
3945,0
3946,3
3947,4
3948,3
3949,3
3950,0
3951,5
3952,4
3953,3
3954,3
3955,4
3956,4
3957,6
3958,5
3959,2
3960,3
3961,3
3962,4
3963,4
3964,0
3965,3
3966,6
3967,4
3968,0
3969,3
3970,2
3971,2
3972,0
3973,0
3974,4
3975,5
3976,4
3977,3
3978,3
3979,6
3980,5
3981,3
3982,2
3983,4
3984,3
3985,2
3986,2
3987,5
3988,2
3989,2
3990,3
3991,5
3992,3
3993,6
3994,6
3995,6
3996,4
3997,4
3998,4
3999,5
4000,2
4001,3
4002,4
4003,6
4004,6
4005,6
4006,2
4007,5
4008,0
4009,4
4010,6
4011,5
4012,4
4013,2
4014,3
4015,0
4016,5
4017,5
4018,0
4019,3
4020,6
4021,6
4022,2
4023,3
4024,3
4025,5
4026,6
4027,5
4028,3
4029,5
4030,0
4031,6
4032,6
4033,4
4034,4
4035,0
4036,6
4037,3
4038,3
4039,4
4040,5
4041,0
4042,2
4043,4
4044,5
4045,2
4046,3
4047,6
4048,4
4049,2
4050,3
4051,2
4052,2
4053,5
4054,3
4055,3
4056,4
4057,6
4058,3
4059,4
4060,3
4061,6
4062,2
4063,4
4064,3
4065,5
4066,6
4067,6
4068,2
4069,2
4070,5
4071,5
4072,2
4073,6
4074,3
4075,4
4076,5
4077,6
4078,6
4079,0
4080,2
4081,4
4082,4
4083,6
4084,2
4085,2
4086,2
4087,3
4088,3
4089,2
4090,2
4091,3
4092,4
4093,3
4094,3
4095,5
4096,4
4097,5
4098,2
4099,3
4100,4
4101,0
4102,2
4103,0
4104,3
4105,4
4106,2
4107,3
4108,6
4109,2
4110,5
4111,2
4112,6
4113,5
4114,6
4115,5
4116,4
4117,3
4118,3
4119,6
4120,2
4121,3
4122,5
4123,3
4124,2
4125,4
4126,3
4127,3
4128,4
4129,3
4130,2
4131,0
4132,2
4133,6
4134,4
4135,4
4136,4
4137,3
4138,6
4139,0
4140,6
4141,5
4142,0
4143,4
4144,2
4145,6
4146,6
4147,4
4148,4
4149,0
4150,3
4151,3
4152,5
4153,6
4154,0
4155,3
4156,0
4157,2
4158,6
4159,3
4160,2
4161,6
4162,4
4163,4
4164,0
4165,5
4166,6
4167,2
4168,5
4169,5
4170,4
4171,0
4172,2
4173,3
4174,3
4175,5
4176,2
4177,3
4178,3
4179,2
4180,0
4181,6
4182,0
4183,3
4184,3
4185,0
4186,4
4187,3
4188,4
4189,0
4190,3
4191,6
4192,4
4193,6
4194,4
4195,3
4196,5
4197,3
4198,0
4199,3
4200,4
4201,0
4202,3
4203,1
4204,3
4205,0
4206,0
4207,4
4208,3
4209,5
4210,4
4211,6
4212,6
4213,6
4214,3
4215,5
4216,5
4217,4
4218,3
4219,0
4220,2
4221,3
4222,2
4223,4
4224,6
4225,2
4226,6
4227,3
4228,2
4229,6
4230,4
4231,2
4232,6
4233,3
4234,5
4235,3
4236,6
4237,2
4238,3
4239,5
4240,5
4241,3
4242,6
4243,3
4244,3
4245,4
4246,3
4247,4
4248,4
4249,0
4250,3
4251,3
4252,4
4253,0
4254,3
4255,4
4256,6
4257,4
4258,4
4259,2
4260,6
4261,0
4262,3
4263,5
4264,3
4265,4
4266,3
4267,5
4268,4
4269,6
4270,5
4271,2
4272,0
4273,4
4274,3
4275,6
4276,5
4277,4
4278,3
4279,5
4280,5
4281,4
4282,2
4283,0
4284,3
4285,0
4286,3
4287,5
4288,3
4289,3
4290,6
4291,2
4292,3
4293,6
4294,3
4295,1
4296,3
4297,3
4298,3
4299,2
4300,6
4301,3
4302,6
4303,6
4304,3
4305,2
4306,4
4307,4
4308,3
4309,3
4310,0
4311,4
4312,5
4313,6
4314,3
4315,3
4316,5
4317,2
4318,5
4319,3
4320,3
4321,3
4322,3
4323,3
4324,3
4325,3
4326,0
4327,0
4328,3
4329,2
4330,5
4331,6
4332,3
4333,5
4334,3
4335,4
4336,5
4337,3
4338,5
4339,3
4340,6
4341,3
4342,2
4343,2
4344,0
4345,0
4346,5
4347,4
4348,0
4349,0
4350,2
4351,2
4352,5
4353,0
4354,2
4355,0
4356,3
4357,0
4358,5
4359,3
4360,4
4361,4
4362,6
4363,5
4364,4
4365,3
4366,4
4367,6
4368,6
4369,3
4370,2
4371,4
4372,4
4373,2
4374,4
4375,3
4376,4
4377,3
4378,3
4379,6
4380,5
4381,5
4382,6
4383,3
4384,0
4385,3
4386,5
4387,4
4388,2
4389,4
4390,3
4391,6
4392,3
4393,3
4394,6
4395,3
4396,0
4397,5
4398,6
4399,0
4400,4
4401,4
4402,6
4403,2
4404,2
4405,0
4406,2
4407,3
4408,2
4409,0
4410,6
4411,0
4412,6
4413,3
4414,3
4415,4
4416,4
4417,3
4418,3
4419,2
4420,0
4421,4
4422,2
4423,4
4424,3
4425,3
4426,3
4427,6
4428,6
4429,3
4430,2
4431,6
4432,2
4433,5
4434,5
4435,3
4436,4
4437,3
4438,5
4439,6
4440,3
4441,6
4442,4
4443,2
4444,3
4445,6
4446,3
4447,5
4448,3
4449,2
4450,4
4451,6
4452,3
4453,5
4454,4
4455,3
4456,0
4457,3
4458,3
4459,3
4460,2
4461,0
4462,2
4463,6
4464,2
4465,3
4466,3
4467,3
4468,3
4469,3
4470,0
4471,5
4472,2
4473,3
4474,5
4475,6
4476,6
4477,6
4478,6
4479,3
4480,5
4481,4
4482,2
4483,5
4484,0
4485,3
4486,0
4487,6
4488,4
4489,3
4490,6
4491,4
4492,3
4493,4
4494,3
4495,2
4496,3
4497,4
4498,3
4499,4
4500,0
4501,4
4502,5
4503,3
4504,3
4505,3
4506,2
4507,3
4508,4
4509,2
4510,2
4511,3
4512,4
4513,4
4514,6
4515,0
4516,3
4517,5
4518,6
4519,3
4520,3
4521,3
4522,3
4523,5
4524,2
4525,2
4526,6
4527,3
4528,6
4529,3
4530,0
4531,3
4532,5
4533,5
4534,6
4535,3
4536,2
4537,3
4538,3
4539,0
4540,4
4541,0
4542,5
4543,3
4544,2
4545,4
4546,6
4547,0
4548,4
4549,4
4550,5
4551,2
4552,3
4553,4
4554,3
4555,0
4556,4
4557,6
4558,3
4559,2
4560,0
4561,6
4562,3
4563,5
4564,6
4565,3
4566,3
4567,0
4568,3
4569,3
4570,4
4571,4
4572,3
4573,3
4574,3
4575,1
4576,6
4577,6
4578,4
4579,3
4580,5
4581,5
4582,6
4583,0
4584,3
4585,4
4586,0
4587,3
4588,4
4589,3
4590,2
4591,3
4592,2
4593,3
4594,3
4595,2
4596,6
4597,5
4598,0
4599,3
4600,6
4601,6
4602,6
4603,6
4604,5
4605,6
4606,2
4607,5
4608,6
4609,3
4610,3
4611,6
4612,4
4613,3
4614,3
4615,5
4616,3
4617,2
4618,0
4619,0
4620,5
4621,3
4622,5
4623,5
4624,2
4625,3
4626,5
4627,6
4628,3
4629,3
4630,6
4631,3
4632,4
4633,3
4634,3
4635,4
4636,2
4637,3
4638,3
4639,4
4640,4
4641,4
4642,2
4643,0
4644,6
4645,0
4646,4
4647,0
4648,3
4649,2
4650,2
4651,4
4652,6
4653,2
4654,4
4655,5
4656,0
4657,3
4658,3
4659,3
4660,4
4661,6
4662,4
4663,6
4664,6
4665,5
4666,3
4667,4
4668,3
4669,5
4670,2
4671,3
4672,3
4673,4
4674,0
4675,3
4676,5
4677,3
4678,1
4679,0
4680,5
4681,3
4682,3
4683,3
4684,5
4685,0
4686,0
4687,4
4688,4
4689,4
4690,0
4691,2
4692,3
4693,6
4694,6
4695,6
4696,4
4697,6
4698,3
4699,2
4700,4
4701,0
4702,5
4703,6
4704,2
4705,6
4706,3
4707,0
4708,4
4709,3
4710,5
4711,3
4712,6
4713,4
4714,3
4715,4
4716,6
4717,2
4718,5
4719,6
4720,5
4721,2
4722,5
4723,4
4724,0
4725,0
4726,3
4727,3
4728,6
4729,2
4730,5
4731,5
4732,3
4733,3
4734,4
4735,4
4736,6
4737,4
4738,4
4739,0
4740,3
4741,0
4742,3
4743,5
4744,5
4745,3
4746,4
4747,2
4748,4
4749,5
4750,2
4751,3
4752,2
4753,0
4754,3
4755,3
4756,6
4757,2
4758,6
4759,6
4760,3
4761,3
4762,6
4763,3
4764,0
4765,4
4766,2
4767,3
4768,4
4769,3
4770,3
4771,3
4772,3
4773,0
4774,6
4775,0
4776,3
4777,2
4778,3
4779,5
4780,6
4781,6
4782,3
4783,0
4784,6
4785,6
4786,0
4787,2
4788,6
4789,2
4790,4
4791,5
4792,5
4793,6
4794,6
4795,0
4796,2
4797,2
4798,3
4799,3
4800,6
4801,6
4802,3
4803,0
4804,3
4805,6
4806,4
4807,4
4808,6
4809,3
4810,2
4811,6
4812,6
4813,2
4814,2
4815,6
4816,3
4817,4
4818,3
4819,4
4820,4
4821,4
4822,3
4823,3
4824,3
4825,3
4826,2
4827,3
4828,4
4829,6
4830,0
4831,3
4832,3
4833,0
4834,4
4835,2
4836,4
4837,5
4838,2
4839,4
4840,2
4841,4
4842,3
4843,3
4844,2
4845,6
4846,3
4847,4
4848,4
4849,4
4850,5
4851,3
4852,1
4853,3
4854,6
4855,3
4856,3
4857,4
4858,5
4859,3
4860,2
4861,3
4862,2
4863,3
4864,6
4865,3
4866,2
4867,3
4868,5
4869,2
4870,0
4871,2
4872,3
4873,2
4874,0
4875,4
4876,6
4877,6
4878,2
4879,3
4880,3
4881,4
4882,6
4883,6
4884,5
4885,5
4886,4
4887,5
4888,4
4889,2
4890,4
4891,4
4892,2
4893,5
4894,6
4895,0
4896,2
4897,4
4898,2
4899,4
4900,4
4901,3
4902,2
4903,4
4904,2
4905,5
4906,4
4907,4
4908,5
4909,0
4910,3
4911,6
4912,4
4913,0
4914,2
4915,5
4916,0
4917,3
4918,6
4919,4
4920,4
4921,4
4922,5
4923,5
4924,4
4925,3
4926,3
4927,0
4928,6
4929,6
4930,4
4931,6
4932,3
4933,6
4934,0
4935,2
4936,0
4937,3
4938,2
4939,4
4940,0
4941,5
4942,2
4943,5
4944,3
4945,0
4946,3
4947,5
4948,3
4949,0
4950,2
4951,3
4952,0
4953,5
4954,0
4955,4
4956,3
4957,4
4958,5
4959,5
4960,4
4961,1
4962,3
4963,6
4964,2
4965,2
4966,3
4967,3
4968,5
4969,5
4970,3
4971,4
4972,0
4973,0
4974,3
4975,6
4976,3
4977,0
4978,6
4979,3
4980,4
4981,3
4982,6
4983,4
4984,2
4985,6
4986,3
4987,4
4988,3
4989,6
4990,6
4991,6
4992,2
4993,2
4994,6
4995,3
4996,2
4997,0
4998,3
4999,6
5000,6
5001,5
5002,3
5003,0
5004,6
5005,6
5006,4
5007,0
5008,4
5009,4
5010,0
5011,2
5012,3
5013,0
5014,3
5015,6
5016,0
5017,3
5018,3
5019,6
5020,0
5021,4
5022,3
5023,6
5024,6
5025,5
5026,4
5027,3
5028,2
5029,3
5030,6
5031,6
5032,4
5033,4
5034,2
5035,0
5036,5
5037,5
5038,2
5039,4
5040,5
5041,2
5042,5
5043,3
5044,6
5045,2
5046,5
5047,3
5048,3
5049,6
5050,5
5051,3
5052,3
5053,2
5054,0
5055,3
5056,4
5057,6
5058,0
5059,6
5060,3
5061,0
5062,2
5063,0
5064,4
5065,3
5066,4
5067,6
5068,2
5069,4
5070,6
5071,4
5072,0
5073,4
5074,2
5075,2
5076,3
5077,6
5078,3
5079,4
5080,5
5081,0
5082,4
5083,4
5084,4
5085,0
5086,4
5087,0
5088,4
5089,3
5090,2
5091,3
5092,2
5093,3
5094,3
5095,2
5096,2
5097,0
5098,6
5099,4
5100,0
5101,5
5102,0
5103,2
5104,3
5105,3
5106,5
5107,6
5108,3
5109,3
5110,4
5111,4
5112,6
5113,3
5114,6
5115,4
5116,5
5117,0
5118,4
5119,5
5120,0
5121,4
5122,6
5123,5
5124,2
5125,0
5126,2
5127,3
5128,5
5129,4
5130,3
5131,4
5132,3
5133,6
5134,4
5135,0
5136,3
5137,3
5138,1
5139,0
5140,6
5141,0
5142,3
5143,2
5144,3
5145,3
5146,4
5147,6
5148,0
5149,6
5150,5
5151,4
5152,6
5153,3
5154,4
5155,4
5156,6
5157,0
5158,3
5159,3
5160,4
5161,6
5162,0
5163,6
5164,0
5165,3
5166,6
5167,4
5168,6
5169,3
5170,5
5171,6
5172,4
5173,3
5174,5
5175,2
5176,4
5177,5
5178,0
5179,3
5180,0
5181,0
5182,2
5183,2
5184,6
5185,5
5186,3
5187,0
5188,0
5189,6
5190,4
5191,6
5192,6
5193,5
5194,3
5195,3
5196,6
5197,3
5198,2
5199,5
5200,6
5201,3
5202,5
5203,2
5204,3
5205,0
5206,6
5207,3
5208,3
5209,4
5210,4
5211,2
5212,4
5213,2
5214,2
5215,3
5216,2
5217,6
5218,2
5219,0
5220,2
5221,6
5222,2
5223,3
5224,3
5225,4
5226,4
5227,6
5228,6
5229,3
5230,5
5231,3
5232,2
5233,4
5234,4
5235,3
5236,2
5237,3
5238,4
5239,3
5240,3
5241,4
5242,4
5243,6
5244,6
5245,3
5246,5
5247,2
5248,2
5249,4
5250,6
5251,3
5252,2
5253,3
5254,2
5255,3
5256,6
5257,5
5258,2
5259,0
5260,4
5261,0
5262,0
5263,2
5264,6
5265,1
5266,3
5267,6
5268,3
5269,2
5270,5
5271,3
5272,3
5273,3
5274,6
5275,3
5276,3
5277,2
5278,2
5279,1
5280,0
5281,5
5282,0
5283,6
5284,2
5285,6
5286,1
5287,4
5288,5
5289,0
5290,0
5291,2
5292,4
5293,2
5294,4
5295,3
5296,5
5297,3
5298,3
5299,6
5300,2
5301,3
5302,4
5303,3
5304,6
5305,3
5306,3
5307,5
5308,6
5309,0
5310,0
5311,2
5312,4
5313,0
5314,6
5315,5
5316,5
5317,3
5318,3
5319,5
5320,3
5321,5
5322,6
5323,4
5324,3
5325,5
5326,3
5327,0
5328,6
5329,3
5330,5
5331,4
5332,3
5333,3
5334,3
5335,3
5336,2
5337,6
5338,5
5339,5
5340,3
5341,6
5342,4
5343,5
5344,3
5345,3
5346,3
5347,4
5348,3
5349,0
5350,4
5351,6
5352,4
5353,2
5354,2
5355,6
5356,3
5357,2
5358,4
5359,5
5360,4
5361,2
5362,2
5363,5
5364,4
5365,0
5366,4
5367,4
5368,6
5369,4
5370,3
5371,4
5372,2
5373,4
5374,3
5375,3
5376,0
5377,4
5378,3
5379,6
5380,0
5381,0
5382,3
5383,2
5384,6
5385,3
5386,4
5387,5
5388,4
5389,3
5390,4
5391,5
5392,2
5393,3
5394,6
5395,5
5396,2
5397,4
5398,3
5399,0
5400,3
5401,6
5402,5
5403,3
5404,5
5405,5
5406,0
5407,0
5408,2
5409,3
5410,3
5411,3
5412,4
5413,2
5414,6
5415,6
5416,6
5417,2
5418,4
5419,6
5420,3
5421,3
5422,0
5423,3
5424,3
5425,6
5426,6
5427,5
5428,2
5429,4
5430,2
5431,5
5432,6
5433,6
5434,2
5435,3
5436,3
5437,5
5438,2
5439,0
5440,0
5441,3
5442,6
5443,3
5444,4
5445,4
5446,6
5447,0
5448,6
5449,6
5450,3
5451,5
5452,6
5453,0
5454,3
5455,3
5456,4
5457,0
5458,2
5459,6
5460,5
5461,2
5462,6
5463,4
5464,3
5465,6
5466,0
5467,2
5468,2
5469,0
5470,3
5471,0
5472,0
5473,3
5474,6
5475,0
5476,2
5477,4
5478,5
5479,3
5480,5
5481,4
5482,6
5483,0
5484,6
5485,4
5486,4
5487,6
5488,4
5489,3
5490,6
5491,2
5492,2
5493,3
5494,3
5495,0
5496,0
5497,0
5498,6
5499,6
5500,3
5501,3
5502,3
5503,3
5504,5
5505,6
5506,4
5507,3
5508,2
5509,6
5510,3
5511,0
5512,0
5513,6
5514,0
5515,0
5516,4
5517,3
5518,5
5519,4
5520,5
5521,2
5522,4
5523,6
5524,6
5525,3
5526,2
5527,2
5528,5
5529,3
5530,5
5531,0
5532,4
5533,4
5534,3
5535,3
5536,3
5537,0
5538,2
5539,4
5540,3
5541,3
5542,4
5543,6
5544,2
5545,0
5546,3
5547,2
5548,3
5549,0
5550,2
5551,4
5552,6
5553,2
5554,0
5555,3
5556,3
5557,0
5558,0
5559,6
5560,3
5561,5
5562,2
5563,6
5564,5
5565,3
5566,5
5567,6
5568,4
5569,3
5570,6
5571,3
5572,3
5573,3
5574,0
5575,4
5576,2
5577,6
5578,6
5579,5
5580,6
5581,2
5582,3
5583,5
5584,3
5585,6
5586,3
5587,6
5588,2
5589,5
5590,4
5591,4
5592,3
5593,3
5594,3
5595,2
5596,0
5597,6
5598,5
5599,6
5600,4
5601,2
5602,6
5603,4
5604,3
5605,2
5606,3
5607,3
5608,3
5609,4
5610,4
5611,5
5612,6
5613,3
5614,4
5615,6
5616,2
5617,3
5618,4
5619,3
5620,3
5621,5
5622,6
5623,4
5624,2
5625,4
5626,3
5627,2
5628,4
5629,6
5630,4
5631,5
5632,4
5633,4
5634,3
5635,6
5636,0
5637,3
5638,3
5639,2
5640,4
5641,4
5642,6
5643,2
5644,3
5645,3
5646,0
5647,0
5648,2
5649,4
5650,3
5651,3
5652,3
5653,4
5654,4
5655,6
5656,5
5657,6
5658,3
5659,3
5660,5
5661,3
5662,4
5663,3
5664,4
5665,0
5666,6
5667,6
5668,3
5669,3
5670,2
5671,3
5672,3
5673,2
5674,0
5675,2
5676,6
5677,3
5678,6
5679,6
5680,5
5681,2
5682,3
5683,3
5684,2
5685,6
5686,2
5687,2
5688,6
5689,4
5690,6
5691,5
5692,6
5693,3
5694,6
5695,3
5696,0
5697,6
5698,0
5699,2
5700,3
5701,1
5702,5
5703,2
5704,2
5705,4
5706,6
5707,3
5708,0
5709,6
5710,6
5711,3
5712,6
5713,6
5714,1
5715,2
5716,3
5717,3
5718,0
5719,6
5720,3
5721,3
5722,3
5723,1
5724,2
5725,3
5726,6
5727,6
5728,3
5729,4
5730,5
5731,3
5732,3
5733,0
5734,0
5735,4
5736,3
5737,4
5738,3
5739,4
5740,3
5741,2
5742,3
5743,5
5744,3
5745,6
5746,6
5747,3
5748,6
5749,5
5750,2
5751,0
5752,2
5753,2
5754,3
5755,3
5756,2
5757,3
5758,0
5759,3
5760,3
5761,4
5762,2
5763,5
5764,3
5765,6
5766,6
5767,6
5768,0
5769,4
5770,3
5771,4
5772,4
5773,3
5774,3
5775,4
5776,2
5777,2
5778,3
5779,3
5780,2
5781,6
5782,2
5783,6
5784,3
5785,0
5786,5
5787,5
5788,3
5789,3
5790,5
5791,2
5792,4
5793,6
5794,6
5795,0
5796,4
5797,2
5798,3
5799,6
5800,2
5801,6
5802,3
5803,0
5804,6
5805,3
5806,2
5807,0
5808,6
5809,4
5810,3
5811,4
5812,4
5813,2
5814,6
5815,4
5816,3
5817,4
5818,3
5819,3
5820,6
5821,0
5822,0
5823,2
5824,4
5825,0
5826,4
5827,0
5828,3
5829,6
5830,3
5831,4
5832,4
5833,2
5834,6
5835,3
5836,5
5837,5
5838,4
5839,2
5840,6
5841,0
5842,6
5843,3
5844,3
5845,3
5846,2
5847,3
5848,5
5849,6
5850,4
5851,0
5852,2
5853,6
5854,2
5855,3
5856,5
5857,3
5858,3
5859,5
5860,0
5861,4
5862,6
5863,3
5864,5
5865,3
5866,6
5867,4
5868,0
5869,6
5870,0
5871,3
5872,0
5873,2
5874,5
5875,5
5876,0
5877,4
5878,0
5879,6
5880,2
5881,0
5882,0
5883,0
5884,2
5885,2
5886,4
5887,4
5888,4
5889,6
5890,3
5891,3
5892,0
5893,6
5894,6
5895,3
5896,4
5897,5
5898,4
5899,3
5900,0
5901,0
5902,5
5903,6
5904,2
5905,0
5906,0
5907,0
5908,3
5909,6
5910,0
5911,0
5912,6
5913,6
5914,0
5915,2
5916,6
5917,2
5918,2
5919,5
5920,5
5921,2
5922,4
5923,0
5924,0
5925,2
5926,4
5927,6
5928,6
5929,6
5930,4
5931,2
5932,5
5933,6
5934,0
5935,3
5936,3
5937,6
5938,5
5939,5
5940,3
5941,3
5942,2
5943,4
5944,6
5945,6
5946,5
5947,4
5948,6
5949,3
5950,4
5951,4
5952,4
5953,3
5954,6
5955,6
5956,3
5957,0
5958,4
5959,6
5960,3
5961,6
5962,6
5963,6
5964,6
5965,5
5966,2
5967,0
5968,4
5969,3
5970,4
5971,5
5972,3
5973,6
5974,3
5975,2
5976,6
5977,5
5978,1
5979,4
5980,3
5981,3
5982,2
5983,6
5984,3
5985,0
5986,3
5987,3
5988,4
5989,0
5990,0
5991,5
5992,5
5993,3
5994,3
5995,0
5996,4
5997,5
5998,2
5999,6
6000,3
6001,2
6002,5
6003,3
6004,6
6005,0
6006,4
6007,3
6008,2
6009,0
6010,0
6011,3
6012,6
6013,2
6014,2
6015,3
6016,5
6017,3
6018,3
6019,0
6020,3
6021,3
6022,6
6023,0
6024,4
6025,5
6026,6
6027,3
6028,3
6029,5
6030,6
6031,4
6032,6
6033,3
6034,5
6035,4
6036,4
6037,3
6038,3
6039,3
6040,0
6041,1
6042,4
6043,6
6044,3
6045,3
6046,5
6047,6
6048,5
6049,3
6050,3
6051,3
6052,3
6053,4
6054,6
6055,0
6056,3
6057,4
6058,6
6059,4
6060,0
6061,2
6062,4
6063,3
6064,3
6065,3
6066,2
6067,3
6068,5
6069,0
6070,2
6071,1
6072,6
6073,2
6074,3
6075,6
6076,0
6077,3
6078,2
6079,0
6080,3
6081,4
6082,3
6083,3
6084,2
6085,5
6086,4
6087,6
6088,4
6089,5
6090,3
6091,5
6092,6
6093,3
6094,6
6095,6
6096,5
6097,4
6098,3
6099,5
6100,3
6101,5
6102,2
6103,3
6104,5
6105,0
6106,3
6107,5
6108,5
6109,2
6110,4
6111,4
6112,2
6113,3
6114,4
6115,0
6116,3
6117,6
6118,3
6119,3
6120,3
6121,0
6122,6
6123,3
6124,2
6125,4
6126,6
6127,3
6128,4
6129,5
6130,4
6131,3
6132,3
6133,4
6134,5
6135,5
6136,3
6137,6
6138,3
6139,6
6140,4
6141,2
6142,6
6143,4
6144,2
6145,2
6146,3
6147,4
6148,3
6149,3
6150,2
6151,0
6152,3
6153,3
6154,4
6155,3
6156,6
6157,6
6158,3
6159,6
6160,3
6161,5
6162,3
6163,5
6164,4
6165,3
6166,6
6167,6
6168,2
6169,5
6170,5
6171,3
6172,4
6173,3
6174,6
6175,3
6176,6
6177,2
6178,0
6179,3
6180,6
6181,3
6182,6
6183,0
6184,3
6185,3
6186,4
6187,6
6188,0
6189,5
6190,0
6191,3
6192,4
6193,6
6194,6
6195,5
6196,2
6197,4
6198,3
6199,5
6200,4
6201,6
6202,6
6203,4
6204,6
6205,3
6206,6
6207,3
6208,4
6209,5
6210,6
6211,4
6212,4
6213,3
6214,5
6215,6
6216,2
6217,5
6218,6
6219,3
6220,2
6221,4
6222,3
6223,6
6224,5
6225,3
6226,3
6227,3
6228,2
6229,6
6230,5
6231,3
6232,0
6233,3
6234,6
6235,0
6236,2
6237,4
6238,4
6239,0
6240,3
6241,0
6242,3
6243,3
6244,4
6245,3
6246,0
6247,5
6248,5
6249,0
6250,2
6251,5
6252,3
6253,4
6254,3
6255,4
6256,3
6257,6
6258,0
6259,2
6260,3
6261,0
6262,4
6263,3
6264,0
6265,0
6266,3
6267,3
6268,6
6269,2
6270,6
6271,3
6272,2
6273,4
6274,4
6275,5
6276,3
6277,5
6278,2
6279,4
6280,4
6281,5
6282,0
6283,2
6284,6
6285,4
6286,6
6287,2
6288,6
6289,4
6290,3
6291,3
6292,2
6293,5
6294,4
6295,4
6296,6
6297,4
6298,3
6299,4
6300,0
6301,4
6302,4
6303,0
6304,0
6305,6
6306,6
6307,2
6308,6
6309,4
6310,0
6311,0
6312,6
6313,2
6314,3
6315,6
6316,6
6317,4
6318,3
6319,2
6320,3
6321,5
6322,2
6323,5
6324,2
6325,0
6326,3
6327,2
6328,4
6329,2
6330,0
6331,0
6332,2
6333,3
6334,4
6335,2
6336,0
6337,2
6338,3
6339,0
6340,5
6341,3
6342,6
6343,4
6344,4
6345,3
6346,2
6347,4
6348,3
6349,4
6350,0
6351,5
6352,0
6353,3
6354,5
6355,4
6356,3
6357,2
6358,3
6359,4
6360,3
6361,6
6362,4
6363,6
6364,0
6365,3
6366,2
6367,5
6368,6
6369,6
6370,3
6371,3
6372,6
6373,3
6374,5
6375,6
6376,0
6377,3
6378,5
6379,4
6380,3
6381,3
6382,4
6383,2
6384,0
6385,5
6386,2
6387,3
6388,2
6389,4
6390,4
6391,5
6392,0
6393,6
6394,3
6395,0
6396,4
6397,4
6398,4
6399,4
6400,6
6401,4
6402,2
6403,3
6404,0
6405,6
6406,3
6407,4
6408,3
6409,5
6410,0
6411,4
6412,6
6413,4
6414,6
6415,3
6416,6
6417,6
6418,6
6419,4
6420,4
6421,5
6422,2
6423,5
6424,3
6425,3
6426,2
6427,4
6428,2
6429,5
6430,3
6431,6
6432,3
6433,3
6434,3
6435,0
6436,0
6437,0
6438,3
6439,3
6440,4
6441,5
6442,5
6443,5
6444,3
6445,5
6446,6
6447,2
6448,6
6449,4
6450,3
6451,2
6452,6
6453,0
6454,3
6455,5
6456,4
6457,4
6458,6
6459,0
6460,3
6461,0
6462,3
6463,3
6464,4
6465,5
6466,5
6467,4
6468,2
6469,4
6470,0
6471,3
6472,3
6473,2
6474,0
6475,2
6476,5
6477,6
6478,6
6479,5
6480,3
6481,0
6482,6
6483,4
6484,0
6485,2
6486,4
6487,5
6488,6
6489,4
6490,3
6491,3
6492,5
6493,2
6494,3
6495,4
6496,4
6497,3
6498,2
6499,6
6500,3
6501,2
6502,5
6503,5
6504,3
6505,4
6506,3
6507,6
6508,4
6509,3
6510,5
6511,6
6512,5
6513,3
6514,0
6515,4
6516,6
6517,2
6518,5
6519,0
6520,6
6521,5
6522,5
6523,6
6524,3
6525,4
6526,6
6527,0
6528,5
6529,5
6530,2
6531,4
6532,6
6533,3
6534,6
6535,5
6536,2
6537,3
6538,5
6539,6
6540,5
6541,2
6542,4
6543,0
6544,3
6545,6
6546,3
6547,3
6548,6
6549,3
6550,6
6551,3
6552,2
6553,6
6554,2
6555,5
6556,3
6557,2
6558,3
6559,4
6560,6
6561,0
6562,4
6563,0
6564,2
6565,5
6566,0
6567,5
6568,3
6569,0
6570,4
6571,2
6572,5
6573,3
6574,3
6575,3
6576,5
6577,4
6578,3
6579,5
6580,2
6581,6
6582,3
6583,0
6584,4
6585,0
6586,6
6587,2
6588,6
6589,2
6590,3
6591,3
6592,3
6593,3
6594,4
6595,3
6596,5
6597,6
6598,0
6599,3
6600,4
6601,3
6602,6
6603,1
6604,3
6605,4
6606,2
6607,5
6608,2
6609,4
6610,2
6611,3
6612,0
6613,4
6614,6
6615,3
6616,0
6617,4
6618,4
6619,6
6620,4
6621,2
6622,0
6623,6
6624,5
6625,6
6626,3
6627,0
6628,4
6629,4
6630,3
6631,3
6632,6
6633,3
6634,3
6635,5
6636,4
6637,3
6638,5
6639,4
6640,5
6641,3
6642,0
6643,6
6644,2
6645,6
6646,5
6647,6
6648,3
6649,3
6650,6
6651,2
6652,3
6653,2
6654,2
6655,3
6656,6
6657,3
6658,3
6659,3
6660,3
6661,3
6662,3
6663,3
6664,6
6665,2
6666,3
6667,2
6668,4
6669,6
6670,5
6671,6
6672,3
6673,4
6674,6
6675,5
6676,2
6677,4
6678,5
6679,5
6680,3
6681,3
6682,1
6683,6
6684,4
6685,5
6686,6
6687,6
6688,0
6689,6
6690,3
6691,6
6692,4
6693,3
6694,6
6695,3
6696,4
6697,4
6698,0
6699,6
6700,3
6701,6
6702,4
6703,3
6704,2
6705,5
6706,4
6707,6
6708,4
6709,3
6710,3
6711,3
6712,2
6713,3
6714,2
6715,6
6716,0
6717,3
6718,2
6719,3
6720,2
6721,6
6722,3
6723,5
6724,5
6725,2
6726,3
6727,3
6728,4
6729,4
6730,3
6731,3
6732,6
6733,6
6734,3
6735,4
6736,5
6737,4
6738,2
6739,3
6740,4
6741,6
6742,2
6743,3
6744,2
6745,5
6746,4
6747,3
6748,4
6749,2
6750,3
6751,0
6752,5
6753,4
6754,4
6755,4
6756,5
6757,0
6758,0
6759,5
6760,4
6761,4
6762,2
6763,6
6764,3
6765,3
6766,2
6767,4
6768,5
6769,4
6770,6
6771,2
6772,3
6773,4
6774,0
6775,6
6776,4
6777,3
6778,6
6779,2
6780,0
6781,3
6782,2
6783,0
6784,4
6785,0
6786,2
6787,3
6788,3
6789,5
6790,3
6791,0
6792,3
6793,0
6794,3
6795,2
6796,5
6797,2
6798,6
6799,3
6800,2
6801,2
6802,5
6803,2
6804,0
6805,0
6806,4
6807,4
6808,4
6809,6
6810,4
6811,6
6812,3
6813,2
6814,6
6815,5
6816,2
6817,2
6818,0
6819,5
6820,6
6821,5
6822,5
6823,6
6824,4
6825,4
6826,3
6827,3
6828,0
6829,5
6830,4
6831,5
6832,2
6833,0
6834,2
6835,6
6836,3
6837,6
6838,3
6839,3
6840,3
6841,4
6842,4
6843,2
6844,6
6845,0
6846,3
6847,6
6848,4
6849,0
6850,3
6851,0
6852,4
6853,2
6854,4
6855,3
6856,6
6857,4
6858,2
6859,5
6860,0
6861,5
6862,6
6863,3
6864,4
6865,4
6866,3
6867,6
6868,2
6869,3
6870,0
6871,2
6872,6
6873,3
6874,6
6875,6
6876,3
6877,5
6878,3
6879,6
6880,3
6881,4
6882,4
6883,2
6884,3
6885,4
6886,6
6887,3
6888,4
6889,3
6890,3
6891,4
6892,5
6893,3
6894,3
6895,2
6896,6
6897,5
6898,0
6899,6
6900,2
6901,6
6902,0
6903,0
6904,3
6905,6
6906,4
6907,2
6908,2
6909,2
6910,0
6911,6
6912,2
6913,5
6914,3
6915,0
6916,3
6917,6
6918,0
6919,6
6920,2
6921,4
6922,6
6923,3
6924,0
6925,4
6926,3
6927,5
6928,6
6929,3
6930,2
6931,6
6932,3
6933,6
6934,2
6935,3
6936,0
6937,6
6938,4
6939,0
6940,0
6941,6
6942,3
6943,6
6944,3
6945,2
6946,2
6947,6
6948,4
6949,6
6950,4
6951,3
6952,2
6953,5
6954,4
6955,3
6956,0
6957,5
6958,2
6959,0
6960,6
6961,6
6962,4
6963,2
6964,4
6965,6
6966,0
6967,3
6968,3
6969,0
6970,6
6971,6
6972,5
6973,5
6974,2
6975,5
6976,0
6977,4
6978,3
6979,5
6980,4
6981,2
6982,4
6983,6
6984,2
6985,4
6986,5
6987,2
6988,2
6989,3
6990,4
6991,0
6992,3
6993,3
6994,4
6995,4
6996,4
6997,3
6998,3
6999,4
7000,2
7001,4
7002,2
7003,4
7004,3
7005,4
7006,3
7007,2
7008,2
7009,4
7010,3
7011,3
7012,3
7013,6
7014,0
7015,3
7016,4
7017,2
7018,4
7019,0
7020,2
7021,3
7022,6
7023,4
7024,3
7025,3
7026,6
7027,3
7028,3
7029,5
7030,3
7031,4
7032,6
7033,4
7034,3
7035,2
7036,2
7037,6
7038,6
7039,2
7040,3
7041,5
7042,1
7043,2
7044,4
7045,6
7046,6
7047,4
7048,5
7049,3
7050,3
7051,6
7052,2
7053,3
7054,3
7055,2
7056,6
7057,2
7058,3
7059,0
7060,3
7061,3
7062,3
7063,5
7064,0
7065,2
7066,6
7067,2
7068,2
7069,0
7070,6
7071,2
7072,6
7073,2
7074,4
7075,6
7076,5
7077,1
7078,4
7079,6
7080,3
7081,5
7082,6
7083,3
7084,2
7085,3
7086,0
7087,0
7088,6
7089,0
7090,4
7091,6
7092,3
7093,6
7094,3
7095,3
7096,2
7097,0
7098,6
7099,4
7100,4
7101,4
7102,6
7103,4
7104,4
7105,3
7106,2
7107,3
7108,0
7109,2
7110,6
7111,0
7112,6
7113,0
7114,6
7115,4
7116,2
7117,2
7118,6
7119,2
7120,5
7121,4
7122,6
7123,2
7124,5
7125,3
7126,2
7127,3
7128,3
7129,0
7130,6
7131,3
7132,3
7133,6
7134,3
7135,0
7136,3
7137,0
7138,0
7139,2
7140,0
7141,3
7142,6
7143,6
7144,4
7145,2
7146,6
7147,3
7148,5
7149,4
7150,0
7151,6
7152,6
7153,4
7154,5
7155,4
7156,3
7157,4
7158,3
7159,3
7160,3
7161,0
7162,6
7163,6
7164,4
7165,5
7166,5
7167,3
7168,2
7169,2
7170,2
7171,5
7172,4
7173,6
7174,2
7175,6
7176,3
