4.397436623206499862e-01
8.441219821977842541e-02
5.502026003624350681e-01
2.543680703996913817e+00
1.834933218503160823e-01
5.501541151633655424e-01
1.522460498697337516e-01
-4.121008461263944017e-02
3.249047333387820174e-02
3.287752383171378689e-02
7.623611831860496735e-02
-1.524863087022385322e-01
3.421091665661270959e-02
4.708847289772795375e-02
-5.044638539755640083e-02
-1.844979195700015562e-01
-1.423587189358681560e-01
-2.232872127190388412e-02
-4.207891600400156390e-02
-1.166535332755973681e-01
-3.259463449828128856e-01
-3.636517442174157511e-01
1.162977640234525711e-01
2.359177999751420340e-02
3.643440778609130515e-01
1.799056445062698073e-01
-1.991349092074695959e-01
2.947617150400388963e-01
-3.133220183714283125e-01
3.158950321631911473e-01
-4.066717356458068866e-02
-2.633087038418261971e-01
3.311923291084559184e-01
7.934147891209502035e-01
-6.012925584094219039e-02
-5.524195538329284005e-01
-6.552870920213682560e-02
-2.090968716784627479e-01
-4.409070690323844965e-02
3.979457795761617844e-02
6.066335185470285440e-02
3.042184661475553220e-01
-2.548951993550163664e-01
-2.099839053381009346e-01
-1.647401334647510818e-01
-1.621356261088121031e-01
-5.967785130450535824e-01
1.773632965553611773e-01
1.067779894457532852e-01
8.660291462238393911e-02
1.887191682403809301e-01
-5.909291105948876605e-02
-4.836534955747205655e-02
-9.128281155683172499e-02
1.423555843977561408e-01
-2.980641724296673734e-01
-1.752827081759138483e-01
9.283339051109969209e-02
3.240272991210327302e-01
2.895279260986380679e-02
6.719789850709667611e-02
-1.269115712193452372e-01
-1.228140542210511832e-01
9.666827437601088757e-02
9.989768034479891423e-02
5.937990798054280234e-02
-5.963311869159160922e-02
-2.926806952543615781e-01
1.288834378955450444e-01
-2.819157061234809913e-01
-6.959729451955255775e-02
-2.400957561678647434e-01
6.645917682479175054e-03
4.798471167740320925e-02
4.951413553614934793e-02
-2.603590027120201711e-01
-2.832561892167609341e-01
-3.648696611192536743e-02
1.027344311743408345e-02
2.230874626915729710e-03
-1.668438020324009563e-01
-5.933586015469815428e-02
-3.932886987579235494e-01
-1.755904501181101418e-01
-5.433325305161371133e-03
1.501292862940647455e-01
-3.284068304009983841e-01
1.649317239444161032e-01
-5.314041043280247345e-02
9.252865353757867839e-02
-2.573145299678251119e-01
-1.564004781567039093e-01
-1.819459973499345795e-01
8.180725682015980993e-02
-3.064670477817648675e-01
9.840651503072400663e-02
2.993560250502854542e-02
-7.834831612546376556e-02
-1.798640501499526034e-01
-3.959045197875288302e-02
5.628667835368729444e-02
5.498843310989818753e-03
2.582933795456627268e-01
5.480725382369767279e-02
2.498780035663842325e-01
9.837196881461866826e-02
